rows = true class, columns = predicted class

           CWE-125 CWE-119 CWE-787  CWE-20 CWE-416 CWE-476 CWE-703 CWE-200 CWE-190 CWE-399 __OTHER
CWE-125        149      21      10      11       4      15       1       1       3       0      34
CWE-119         13     100      15      13       5       8       7       6       3       0      52
CWE-787         10      19     122      15       4       4       3       1       3       0      21
CWE-20           7      21      11      59       7       4       2       5       2       0      85
CWE-416          4       7       1       4      67      10       2       0       1       0      36
CWE-476         10      11       4       8       7      35       3       2       0       0      38
CWE-703         10      12       6       6       7       7      25       4       2       0      30
CWE-200          9       5       4      17       5       6       2      23       2       0      40
CWE-190          6       8       6       4       0       2       3       3      38       0      24
CWE-399          3       6       5       9       5       3       2       4       0       3      24
__OTHER__       38      33      22      49      42      18      11      19       5       1     671
