rows = true class, columns = predicted class

           CWE-125 CWE-119 CWE-787  CWE-20 CWE-416 CWE-476 CWE-703 CWE-200 CWE-190 CWE-399 __OTHER
CWE-125        122      30      20       7      11      14      12       7       4      10      12
CWE-119         15     109      13      18       8      18       8      13       2      10       8
CWE-787          7      19     122      11       6      12      11       5       0       4       5
CWE-20           8      23      12      75      10      14       9      18       9       4      21
CWE-416          7       9       4       2      74       7       5      10       1       3      10
CWE-476          7       9       5       4       6      56       4       7       2       5      13
CWE-703          8      14       3       8       7       9      40       9       4       2       5
CWE-200          2      12       5       4       4       8       5      50       1       5      17
CWE-190          8       9      12       2       1       1       1       4      47       2       7
CWE-399          3       6       2       4       4       5       1       9       1      27       2
__OTHER__       55      84      46      70      81      74      28     117      14      51     289
